== Ejercicio 1a ==

Clásicos 0: 27
Clásicos 1: 20
Clásicos 2: 28
Clásicos 3: 26
Clásicos 4: 21
Clásicos 5: 28
Clásicos 6: 21
Clásicos 7: 20
Clásicos 8: 26
Clásicos 9: 34
Clásicos 10: 12
Clásicos 11: 19
Clásicos 12: 27
Clásicos 13: 26
Clásicos 14: 24
Clásicos 15: 22
Clásicos 16: 28
Clásicos 17: 24
Clásicos 18: 28
Clásicos 19: 29
Clásicos 20: 32
Clásicos 21: 31
Clásicos 22: 25
Clásicos 23: 28
Clásicos 24: 19
Clásicos 25: 25
Clásicos 26: 23
Clásicos 27: 27
Clásicos 28: 23
Clásicos 29: 26
Clásicos 30: 23
Clásicos 31: 17
Clásicos 32: 31
Clásicos 33: 32
Clásicos 34: 23
Clásicos 35: 23
Clásicos 36: 28
Clásicos 37: 21
Clásicos 38: 21
Clásicos 39: 24
Clásicos 40: 27
Clásicos 41: 22
Clásicos 42: 31
Clásicos 43: 27
Clásicos 44: 19
Clásicos 45: 21
Clásicos 46: 22
Clásicos 47: 26
Clásicos 48: 27
Clásicos 49: 30

== Ejercicio 1b ==

Array 0:[(0, 0)(0, 0)(54, 109)(0, 0)(0, 0)(0, 0)(0, 0)(83, 167)(0, 0)(0, 0)(65, 131)(0, 0)(113, 227)(0, 0)(0, 0)(0, 0)(77, 155)(0, 0)(0, 0)(126, 253)(77, 155)(0, 0)(0, 0)(55, 111)(0, 0)(51, 103)(0, 0)(0, 0)(0, 0)(0, 0)(0, 0)(108, 217)(24, 49)]
Array 1:[(0, 0)(0, 0)(0, 0)(10, 21)(10, 21)(0, 0)(0, 0)(0, 0)(0, 0)(72, 145)(22, 45)(0, 0)(86, 173)(10, 21)(0, 0)(0, 0)(95, 191)(68, 137)(0, 0)(0, 0)(0, 0)(0, 0)(0, 0)(61, 123)(0, 0)(78, 157)(17, 35)(0, 0)(0, 0)(116, 233)(0, 0)(0, 0)(0, 0)]
Array 2:[(0, 0)(56, 113)(0, 0)(0, 0)(0, 0)(3, 7)(0, 0)(0, 0)(0, 0)(0, 0)(0, 0)(0, 0)(103, 207)(0, 0)(62, 125)(0, 0)(58, 117)(0, 0)(1, 3)(0, 0)(0, 0)(0, 0)(0, 0)(0, 0)(0, 0)(0, 0)(0, 0)]
Array 3:[(0, 0)(0, 0)(0, 0)(0, 0)(0, 0)(71, 143)(9, 19)(0, 0)(0, 0)(0, 0)(0, 0)(52, 105)(86, 173)(0, 0)(0, 0)(0, 0)(0, 0)(0, 0)(0, 0)(0, 0)(0, 0)(0, 0)(0, 0)]
Array 4:[(0, 0)(114, 229)(0, 0)(0, 0)(0, 0)(0, 0)(0, 0)(0, 0)(0, 0)(0, 0)(28, 57)(38, 77)(0, 0)(0, 0)(0, 0)(0, 0)(125, 251)(0, 0)(1, 3)(13, 27)(0, 0)(0, 0)]
Array 5:[(0, 0)(68, 137)(92, 185)(0, 0)(0, 0)(0, 0)(0, 0)(0, 0)(0, 0)(0, 0)(0, 0)(59, 119)(0, 0)(0, 0)(21, 43)(126, 253)(0, 0)(0, 0)(75, 151)(0, 0)(110, 221)(0, 0)(0, 0)(84, 169)(0, 0)(101, 203)(0, 0)]
Array 6:[(0, 0)(93, 187)(0, 0)(0, 0)(91, 183)(0, 0)(0, 0)(116, 233)(0, 0)(83, 167)(0, 0)(0, 0)(0, 0)(0, 0)(0, 0)(0, 0)(57, 115)(0, 0)(0, 0)(77, 155)(0, 0)(0, 0)(0, 0)(72, 145)(0, 0)(0, 0)(0, 0)(83, 167)(0, 0)]
Array 7:[(6, 13)(0, 0)(94, 189)(0, 0)(89, 179)(0, 0)(0, 0)(0, 0)(42, 85)(63, 127)(0, 0)(0, 0)(0, 0)(120, 241)(0, 0)(0, 0)(0, 0)(0, 0)(126, 253)(0, 0)(0, 0)(0, 0)(0, 0)(0, 0)]
Array 8:[(0, 0)(0, 0)(0, 0)(0, 0)(11, 23)(0, 0)(0, 0)(36, 73)(0, 0)(0, 0)(0, 0)(0, 0)(0, 0)(0, 0)(0, 0)(0, 0)(0, 0)(0, 0)]
Array 9:[(47, 95)(0, 0)(0, 0)(0, 0)(0, 0)(0, 0)(126, 253)(0, 0)(106, 213)(0, 0)(37, 75)(0, 0)(0, 0)(38, 77)(0, 0)(0, 0)(0, 0)(0, 0)(0, 0)(0, 0)(0, 0)(0, 0)(79, 159)(0, 0)(0, 0)]
Array 10:[(0, 0)(0, 0)(100, 201)(83, 167)(17, 35)(0, 0)(0, 0)(0, 0)(0, 0)(71, 143)(0, 0)(0, 0)(0, 0)(17, 35)(93, 187)(0, 0)(0, 0)(0, 0)(0, 0)(0, 0)(72, 145)(0, 0)(39, 79)(0, 0)(0, 0)]
Array 11:[(0, 0)(74, 149)(0, 0)(106, 213)(0, 0)(83, 167)(0, 0)(43, 87)(0, 0)(0, 0)(0, 0)(0, 0)(75, 151)(45, 91)(0, 0)(0, 0)(0, 0)(69, 139)(0, 0)(0, 0)(0, 0)(0, 0)(0, 0)(0, 0)(0, 0)(59, 119)(0, 0)]
Array 12:[(0, 0)(0, 0)(0, 0)(0, 0)(0, 0)(0, 0)(0, 0)(0, 0)(0, 0)(44, 89)(0, 0)(0, 0)(0, 0)(0, 0)(0, 0)(0, 0)(0, 0)(0, 0)(0, 0)(0, 0)(21, 43)(0, 0)(0, 0)]
Array 13:[(0, 0)(0, 0)(0, 0)(0, 0)(0, 0)(36, 73)(115, 231)(0, 0)(0, 0)(0, 0)(0, 0)(0, 0)(119, 239)(0, 0)(0, 0)(0, 0)(0, 0)(0, 0)(0, 0)(0, 0)(0, 0)(0, 0)(0, 0)(35, 71)(0, 0)(0, 0)(0, 0)(0, 0)]
Array 14:[(0, 0)(0, 0)(0, 0)(0, 0)(36, 73)(0, 0)(0, 0)(0, 0)(0, 0)(0, 0)(32, 65)(0, 0)(0, 0)(0, 0)(0, 0)(0, 0)]
Array 15:[(20, 41)(0, 0)(0, 0)(0, 0)(45, 91)(0, 0)(0, 0)(53, 107)(100, 201)(0, 0)(0, 0)(29, 59)(62, 125)(0, 0)(0, 0)(0, 0)(0, 0)(0, 0)(0, 1)(0, 0)(0, 0)(32, 65)(0, 0)(0, 0)(0, 0)(0, 0)]
Array 16:[(0, 0)(0, 0)(0, 0)(0, 0)(0, 0)(0, 0)(15, 31)(0, 0)(0, 0)(83, 167)(0, 0)(0, 0)(0, 0)(0, 0)(73, 147)(0, 0)(0, 0)(0, 0)(13, 27)(53, 107)]
Array 17:[(31, 63)(0, 0)(112, 225)(79, 159)(0, 0)(0, 0)(105, 211)(0, 0)(0, 0)(0, 0)(18, 37)(78, 157)(127, 255)(0, 0)(0, 0)(63, 127)(0, 0)(0, 0)(0, 0)(118, 237)(0, 0)(0, 0)(0, 0)(0, 0)(28, 57)(0, 0)(104, 209)]
Array 18:[(122, 245)(0, 0)(0, 0)(0, 0)(1, 3)(0, 0)(7, 15)(0, 0)(127, 255)(124, 249)(0, 0)(0, 0)(0, 0)(83, 167)(0, 0)(0, 0)(0, 0)(0, 0)(74, 149)(34, 69)(95, 191)(0, 0)(0, 0)(76, 153)(0, 0)(0, 0)(0, 0)(0, 0)]
Array 19:[(0, 0)(60, 121)(55, 111)(0, 0)(0, 0)(0, 0)(0, 0)(0, 0)(0, 0)(0, 0)(73, 147)(0, 0)(0, 0)(0, 0)(0, 0)(0, 0)(0, 0)(0, 0)(0, 0)(0, 0)(57, 115)]
Array 20:[(0, 0)(86, 173)(0, 0)(0, 0)(83, 167)(0, 0)(0, 0)(0, 0)(0, 0)(49, 99)(0, 0)(0, 0)(0, 0)(0, 0)(0, 0)(0, 0)(88, 177)(89, 179)(0, 0)]
Array 21:[(0, 0)(0, 0)(0, 0)(0, 0)(0, 0)(0, 0)(0, 0)(0, 0)(0, 0)(0, 0)(60, 121)(87, 175)(0, 0)(0, 0)(26, 53)(33, 67)(0, 0)(112, 225)(0, 0)(0, 0)(0, 0)]
Array 22:[(0, 0)(0, 0)(0, 0)(0, 0)(0, 0)(0, 0)(0, 0)(0, 0)(0, 0)(0, 0)(0, 0)(0, 0)(0, 0)(0, 0)(0, 0)(0, 0)(0, 0)]
Array 23:[(0, 0)(0, 0)(0, 0)(0, 0)(0, 0)(0, 0)(0, 0)(0, 0)(0, 0)(117, 235)(0, 0)(0, 0)(88, 177)(0, 0)(0, 0)(0, 0)(0, 0)(115, 231)(0, 0)(0, 0)(0, 0)(0, 0)]
Array 24:[(0, 0)(0, 0)(0, 0)(0, 0)(83, 167)(60, 121)(0, 0)(0, 0)(0, 0)(0, 0)(0, 0)(0, 0)(0, 0)(0, 0)(0, 0)(0, 0)(58, 117)(0, 0)(0, 0)(0, 0)(0, 0)]
Array 25:[(33, 67)(0, 0)(105, 211)(112, 225)(18, 37)(0, 0)(0, 0)(0, 0)(0, 0)(0, 1)(0, 0)(0, 0)(108, 217)(0, 0)(52, 105)(0, 0)(0, 0)(122, 245)(69, 139)(0, 0)(0, 0)(122, 245)(0, 0)(0, 0)(0, 0)(33, 67)(87, 175)(0, 0)(0, 0)]
Array 26:[(94, 189)(0, 0)(0, 0)(0, 0)(0, 0)(3, 7)(0, 0)(0, 0)(0, 0)(88, 177)(0, 0)(0, 0)(0, 0)(95, 191)(0, 0)(118, 237)(81, 163)(0, 0)]
Array 27:[(76, 153)(0, 0)(0, 0)(0, 0)(119, 239)(0, 0)(0, 0)(30, 61)(0, 0)(0, 0)(125, 251)(119, 239)(59, 119)(119, 239)(0, 0)(19, 39)(0, 0)(0, 0)(0, 0)(6, 13)(0, 0)(0, 0)(123, 247)(0, 0)(0, 0)(0, 0)(116, 233)(0, 0)]
Array 28:[(0, 0)(2, 5)(0, 0)(48, 97)(0, 0)(0, 0)(66, 133)(0, 0)(0, 0)(0, 0)(0, 0)(126, 253)(0, 0)(0, 0)(0, 0)(0, 0)(103, 207)(0, 0)(97, 195)(0, 0)(0, 0)(0, 0)(102, 205)(47, 95)(111, 223)(12, 25)(6, 13)(0, 0)(117, 235)(74, 149)(66, 133)(0, 0)(0, 0)(0, 0)]
Array 29:[(50, 101)(0, 0)(0, 0)(0, 0)(61, 123)(0, 0)(0, 0)(0, 0)(0, 0)(42, 85)(0, 0)(0, 0)(0, 0)(0, 0)(0, 0)(0, 0)(95, 191)(68, 137)(0, 0)]
Array 30:[(0, 0)(83, 167)(46, 93)(90, 181)(0, 0)(0, 0)(0, 0)(21, 43)(0, 0)(0, 0)(0, 0)(0, 0)(0, 0)(0, 0)(0, 0)(0, 0)(0, 0)(0, 0)(71, 143)(0, 0)(0, 0)(105, 211)(42, 85)(39, 79)]
Array 31:[(0, 0)(0, 0)(0, 0)(0, 0)(0, 0)(0, 0)(0, 0)(0, 0)(0, 0)(0, 0)(32, 65)(0, 0)(0, 0)(0, 0)(0, 0)(0, 0)(97, 195)(99, 199)(0, 0)(6, 13)(0, 0)(0, 0)(0, 0)(75, 151)(87, 175)]
Array 32:[(0, 0)(0, 0)(0, 0)(0, 0)(0, 0)(48, 97)(0, 0)(61, 123)(65, 131)(64, 129)(0, 0)(0, 0)(0, 0)(36, 73)(0, 0)(0, 1)(0, 0)(0, 0)(70, 141)(0, 0)(0, 0)(0, 0)(75, 151)(49, 99)(0, 0)(0, 0)(0, 0)(0, 0)(0, 0)]
Array 33:[(0, 0)(0, 0)(0, 0)(0, 0)(0, 0)(0, 0)(86, 173)(0, 0)(0, 0)(0, 0)(19, 39)(39, 79)(0, 0)(0, 0)(0, 0)(0, 0)(0, 0)(0, 0)]
Array 34:[(0, 0)(0, 0)(0, 0)(0, 0)(0, 0)(0, 0)(0, 0)(0, 0)(31, 63)(85, 171)(0, 0)(28, 57)(0, 0)(0, 0)(0, 0)(127, 255)(0, 0)(0, 0)(0, 0)(0, 0)(10, 21)(0, 0)(0, 0)(55, 111)(0, 0)]
Array 35:[(0, 0)(0, 0)(0, 0)(0, 0)(0, 0)(0, 0)(0, 0)(49, 99)(0, 0)(0, 0)(0, 0)(79, 159)(0, 0)(0, 0)(127, 255)(0, 0)(0, 0)(0, 0)(0, 0)(0, 0)(0, 0)]
Array 36:[(51, 103)(0, 0)(0, 0)(0, 0)(0, 0)(0, 0)(0, 0)(0, 0)(81, 163)(0, 0)(0, 0)(120, 241)(0, 0)(0, 0)(0, 0)(66, 133)(0, 0)(0, 0)(0, 0)(0, 0)(0, 0)(0, 0)(0, 0)(73, 147)(0, 0)]
Array 37:[(0, 0)(80, 161)(0, 0)(3, 7)(36, 73)(0, 0)(0, 0)(74, 149)(82, 165)(0, 0)(0, 0)(0, 0)(0, 0)(0, 0)(0, 0)(0, 0)(55, 111)(32, 65)(0, 0)(0, 0)(0, 0)(0, 0)(0, 0)(0, 0)(0, 0)(0, 0)(0, 0)]
Array 38:[(0, 0)(0, 0)(17, 35)(124, 249)(0, 0)(0, 0)(0, 0)(0, 0)(0, 0)(58, 117)(0, 0)(0, 0)(0, 0)(0, 0)(0, 0)(0, 0)(44, 89)(0, 0)(0, 0)(0, 0)(0, 0)(0, 0)(0, 0)(10, 21)(0, 0)(0, 0)]
Array 39:[(0, 0)(0, 0)(107, 215)(0, 0)(19, 39)(0, 0)(6, 13)(55, 111)(0, 0)(28, 57)(50, 101)(0, 0)(0, 0)(0, 0)(0, 0)(0, 0)(0, 0)(0, 0)(0, 0)(0, 0)(3, 7)(0, 0)(0, 0)(0, 0)]
Array 40:[(0, 0)(74, 149)(0, 0)(60, 121)(0, 0)(0, 0)(0, 0)(48, 97)(0, 0)(0, 0)(0, 0)(0, 0)(0, 0)(64, 129)(74, 149)(105, 211)(0, 0)(88, 177)(0, 0)(0, 0)(0, 0)(0, 0)(0, 0)(33, 67)(0, 0)(0, 0)(0, 0)(0, 0)(0, 0)(0, 0)(127, 255)]
Array 41:[(0, 0)(0, 0)(0, 0)(0, 0)(0, 0)(97, 195)(0, 0)(0, 0)(42, 85)(0, 0)(0, 0)(0, 0)(0, 0)(0, 0)(56, 113)(0, 0)(0, 0)(0, 0)(84, 169)(39, 79)(0, 0)(115, 231)(72, 145)(122, 245)(0, 0)(0, 0)]
Array 42:[(3, 7)(78, 157)(23, 47)(0, 0)(111, 223)(0, 0)(40, 81)(0, 0)(0, 0)(49, 99)(0, 0)(0, 0)(51, 103)(0, 0)(0, 0)(98, 197)(0, 0)(96, 193)(104, 209)(0, 0)(0, 0)(0, 0)(0, 0)(0, 0)(0, 0)(0, 0)(0, 0)(28, 57)(89, 179)(70, 141)(0, 0)(0, 0)(0, 0)(0, 0)(0, 0)]
Array 43:[(42, 85)(0, 0)(0, 0)(0, 0)(31, 63)(8, 17)(0, 0)(0, 0)(0, 0)(0, 0)(51, 103)(68, 137)(0, 0)(0, 0)(0, 0)(0, 0)(0, 0)(20, 41)(127, 255)(0, 0)(0, 0)(115, 231)(54, 109)(22, 45)(0, 0)(0, 0)(0, 0)(36, 73)(0, 0)(58, 117)(0, 0)]
Array 44:[(0, 0)(0, 0)(0, 0)(0, 0)(0, 0)(0, 0)(0, 0)(10, 21)(0, 0)(0, 0)(0, 0)(0, 0)(0, 0)(0, 0)(119, 239)]
Array 45:[(0, 0)(0, 0)(0, 0)(0, 0)(0, 0)(0, 0)(0, 0)(0, 0)(0, 0)(0, 0)(127, 255)(0, 0)(1, 3)(0, 0)(0, 0)(0, 0)(0, 0)(95, 191)(0, 0)(0, 0)(31, 63)(58, 117)(0, 0)(0, 0)(17, 35)]
Array 46:[(0, 0)(0, 0)(0, 0)(0, 0)(0, 0)(0, 0)(0, 0)(0, 0)(0, 0)(0, 0)(0, 0)(0, 0)(0, 0)(0, 0)(0, 0)(0, 0)]
Array 47:[(18, 37)(0, 0)(0, 0)(73, 147)(31, 63)(0, 0)(0, 0)(44, 89)(31, 63)(0, 0)(0, 0)(0, 0)(0, 0)(0, 0)(0, 0)(0, 0)(23, 47)(0, 0)(0, 0)(0, 0)(0, 0)(0, 0)(0, 0)(0, 0)]
Array 48:[(0, 0)(0, 0)(0, 0)(0, 0)(0, 0)(0, 0)(0, 0)(0, 0)(61, 123)(97, 195)(0, 0)(0, 0)(0, 0)(0, 0)(0, 0)(0, 0)(0, 0)(0, 0)(0, 0)(0, 0)(0, 0)(0, 0)]
Array 49:[(0, 0)(0, 0)(0, 0)(11, 23)(0, 0)(0, 0)(85, 171)(0, 0)(0, 0)(0, 0)(0, 0)(0, 0)(0, 0)(0, 0)(0, 0)(0, 0)(0, 0)(13, 27)]
